1916,7557,462,430,2787,2017,6169,2887,3904,2795,8904,2913,7691,7933,8534,4699,8165,786,6482,7137,8947,3974,3405,2149,5103
5725,2620,2394,5296,1220,4188,6924,7180,1899,2540,7664,5508,9078,2897,1445,1325,9140,8867,1599,4830,2335,4161,2807,5511,6858
2058,2848,9819,8512,6863,2875,9442,6455,3194,7960,1742,1982,3020,1589,4500,9460,5404,5957,4888,6364,9842,9132,1412,2008,7144
3002,3987,922,2016,3555,2458,5995,1040,4782,258,6694,332,7659,3487,1037,384,3674,8879,2170,9030,330,3906,1787,2057,5502
6106,7037,8065,2337,7335,6047,3545,7988,4990,4094,641,2047,4953,610,9144,7055,7672,7966,4823,3422,8607,2672,7965,6905,722
5641,1212,9549,4553,8622,6571,9471,5860,1031,2130,9660,2531,1615,7100,1434,6997,682,2182,1208,9291,9665,4885,3241,8913,250
9199,5628,2306,1050,8309,9462,242,9481,5806,2187,4733,8105,4638,7541,9725,6876,9975,7227,700,6240,2455,2011,5057,4186,6412
9012,6195,4751,8124,6693,5088,3005,1569,1747,7502,2215,2713,3976,6667,3421,6972,4798,3355,6598,5319,2619,2163,8542,7211,204
8434,5067,8231,7394,4964,1446,5210,1461,8047,5625,6778,1872,6330,3728,7958,8673,4343,2477,9899,2927,9192,1767,4653,9990,1350
323,2532,5695,9542,1167,4761,7193,5710,118,961,5928,9038,1432,8180,8510,808,9169,6861,4053,6908,1593,9068,6953,9758,3203
3273,6602,9897,7616,246,97,3804,9015,1456,5756,9097,2607,278,5825,7054,2684,8952,6880,3872,4289,8505,4022,1321,5682,9532
8108,5888,9294,4350,3346,9651,1231,8922,2973,4346,6583,3937,4093,8642,9822,9755,8307,417,5339,4322,1947,7962,7703,2023,2223
3214,4592,3109,5856,2198,6897,7819,8459,7458,7257,5270,4900,6723,5900,7490,3201,8666,6809,795,1251,528,3500,9187,3770,2323
3159,4829,9953,9662,9658,9159,6299,655,480,7858,2773,3261,4368,1508,1809,5812,6704,6562,9976,6142,8263,7391,7373,8898,1500
1036,4919,3791,5203,9092,9005,6414,220,2904,8391,3600,5943,4086,8148,4934,1342,9150,673,7985,8599,9320,9016,2086,5689,4711
9379,532,8248,3585,9849,6300,582,9674,8400,4596,4654,5556,9585,4041,5522,5403,1946,9579,876,6008,934,9945,8953,3398,1659
6740,6363,7698,9715,51,8980,1805,1161,1546,9031,6220,2779,93,9788,870,7905,5593,9440,8111,171,9514,6827,1383,9112,126
7422,1556,9856,9011,6040,9861,333,3651,631,5059,1470,9577,7990,1045,6007,3830,1821,4219,6451,1853,2602,4595,5182,4313,8955
7578,4341,6847,9174,5539,872,9765,2175,9775,3881,5727,7937,6950,5244,2564,4142,2288,7278,3529,6915,2991,6109,8775,9839,1997
569,927,5922,6207,2051,1908,656,8555,5106,9091,9382,8734,1735,3971,3831,8219,1331,1637,1401,6279,4552,881,7345,1847,798
6885,2019,9165,3691,3861,1871,5588,3278,7184,7631,4664,6302,7656,2964,9239,1564,6922,2962,3621,4373,6116,404,3024,863,2519
7455,4285,5577,7788,2154,2148,5290,6801,6446,2474,2748,9921,1240,9235,6002,114,630,554,8564,6441,3801,3617,2249,4897,3402
8970,7052,7499,4183,8876,9455,2030,2847,2206,3827,2110,6020,8616,6649,1260,6039,9139,7573,9774,3623,325,7408,9119,2605,2780
7488,9736,8054,1355,6782,3348,8500,7776,7058,4375,4968,9717,2701,2640,728,1611,1987,654,115,1362,9600,8723,4955,7588,226
1775,1719,2178,7898,3734,6706,3242,1317,5146,338,19,1225,3208,9157,1250,2599,223,5069,3562,5844,7989,6943,6438,2987,9588
4430,7224,7918,3461,2322,7357,5409,8244,4139,5185,4057,6035,8441,5680,4958,8320,5469,6099,9627,3340,2339,6178,9310,578,5762
2159,4293,867,3575,9454,9771,8987,2145,3927,8301,9526,6878,4604,2571,5994,9022,7755,2662,3786,4178,4402,624,810,8655,2764
3026,2247,1469,46,3614,3228,6213,7119,8128,9948,5853,78,7234,9076,5779,9293,8602,107,9316,2740,3153,8378,3917,7223,2263
5368,740,8227,7480,9909,4331,9350,3828,8590,2856,753,9400,2382,4300,4712,7560,1157,6203,2272,8070,8829,3741,9425,3586,6074
4525,9461,5242,1147,2488,8951,9155,1333,5063,8055,4394,4909,7384,9740,5926,2529,8427,3178,4429,7147,7914,8230,8598,8994,9924
887,8581,4565,1882,3457,671,9261,4018,1144,8299,9474,4645,8213,2626,1404,4966,1677,950,1715,1642,8798,9194,185,6021,8912
8754,1216,1965,8591,5055,2900,6400,3560,8374,7897,3427,5901,7498,9156,4252,4803,1046,9364,7213,5119,6403,7887,3952,954,7075
4813,4920,7065,2193,4409,2201,727,9089,6188,1307,8770,2978,8824,45,8865,6607,6747,1175,5325,3519,7318,9734,936,4929,5939
8126,9533,705,4032,1021,8430,5557,865,912,9999,1600,3305,9709,6641,7704,6764,2770,8997,6457,6750,7133,2628,8975,7200,7655
3137,121,5802,367,7470,679,1981,9711,1347,6970,1400,8690,3991,699,5178,3256,3837,4412,3606,8518,4399,7039,848,1695,1783
3763,3809,8502,8058,6276,3884,3678,3331,393,535,3774,8173,6797,7780,9069,167,6617,9969,4133,7749,1498,4680,401,3645,2239
8328,2979,4122,7302,5615,9697,1184,72,6233,2401,4963,642,3443,3542,9840,1606,5722,6806,7549,2870,8709,4226,1024,6829,5758
5351,4811,8547,2227,7650,3573,6604,1410,8072,504,3751,5243,7871,5807,5527,776,4276,8135,8190,7811,5289,3913,110,2811,507
7680,2747,9825,5809,2479,5332,2646,5135,4438,5751,8097,5453,4647,2298,7101,5766,6323,8336,8157,9433,37,9939,4457,7066,1332
3381,7264,194,9284,427,7950,5797,8671,8843,125,4356,4273,9838,3429,749,7043,6906,5220,6754,63,3303,7165,3167,5602,5517
8857,6191,6356,135,9435,1914,7365,1067,2377,5394,3888,1565,3215,5432,709,2132,4747,1602,2968,1044,2558,4667,5108,1121,2347
8967,2618,7881,7469,2045,500,552,8799,8021,2550,5952,5497,2082,850,7092,7782,2032,4605,1215,1610,4551,9337,2742,6291,6531
5478,8485,8421,4304,6934,2530,379,9079,4585,8041,3447,6265,3528,5515,1490,995,1323,203,510,100,3699,2616,370,2854,1279
9802,4427,6214,3943,2965,4754,1889,2372,969,6430,40,1038,6425,5052,439,5422,3110,644,3071,1690,913,2934,6402,4070,1551
8674,5311,6900,3718,4748,8223,7533,8363,4871,1636,8884,3665,9881,1105,3028,6449,6295,4852,2885,5570,7854,6884,4264,2689,8372
6503,1122,3966,6147,3692,4515,9041,6241,6761,4296,2471,6964,7047,9467,1363,82,8705,5128,7972,2831,5702,5476,3460,1227,9631
7998,9057,2658,4791,1384,3269,418,7001,3878,1844,8487,9162,2542,8578,5740,822,4126,2521,8258,2096,3101,6665,7141,575,6211
7062,5320,5287,1842,1941,6206,318,9836,5411,9396,5609,5607,188,3701,5464,371,5025,2567,949,2473,8260,5198,10,5978,4716
8571,4488,7589,734,3223,684,8204,745,3079,3660,5189,7863,5373,3239,3794,7756,3314,8164,8724,2048,2570,6167,3434,3323,7110
7084,8413,6096,184,8737,5550,7763,8061,9745,5253,1701,28,6623,4407,4709,1133,8860,3677,1518,8730,3336,1924,2483,5882,7265
7626,5679,7024,6916,7355,8201,9877,8407,7381,9024,1424,9296,7983,7920,3415,8692,2203,3302,347,3608,3771,9601,1397,9483,750
7774,8311,6350,2694,9154,9321,1441,8988,1766,8143,7574,1990,4333,9872,9013,5601,3040,8402,9088,681,3530,9684,6229,3894,9318
2891,1019,5977,1934,8134,112,4703,6826,6979,2097,923,7614,857,1830,5976,1770,280,9960,5224,2088,8439,2454,5231,5357,2596
4750,9511,9062,5542,8069,9105,425,6442,3312,880,8906,1095,7823,5159,1620,9405,5757,2930,1541,6840,1128,689,464,9180,3433
5667,7361,5512,807,5089,1808,3240,4541,4666,2791,6027,9416,7669,7308,5563,1616,7031,7568,4034,4372,1689,2623,9874,6744,5340
2464,8794,6121,2436,4187,7654,1427,960,3354,1771,9817,2100,7401,252,8557,2308,4633,5494,1728,1621,4272,7399,3504,3281,2353
8497,2349,5879,5000,9863,2999,6501,90,7815,2969,5388,1580,6592,2523,1102,4490,1890,6540,7779,6993,8900,5418,7496,2398,974
925,5774,8144,4021,4713,9168,15,7016,9523,6543,7326,1077,8943,3611,7432,7829,4974,5345,6210,6538,8375,4835,2647,2746,6144
7074,6447,9653,2696,542,1278,3547,1155,3792,8483,1126,5330,640,2419,9354,5079,6917,7274,7097,9385,9268,6546,215,1542,16
3189,2905,6491,5940,4547,8169,5670,9182,8984,4308,8995,6875,6834,7486,4960,7392,3473,5944,3291,5318,2439,8403,2415,852,7103
7558,6798,7809,2107,9731,1624,8868,7434,6095,8881,5179,6746,2580,4068,8049,4381,4489,7736,5796,896,2582,793,9489,5392,7880
948,1665,5668,6611,7170,6903,7450,8066,4505,6469,2994,789,8827,3015,7375,8560,3212,4268,8255,9650,1628,839,1942,1555,1976
7794,6075,6962,1448,3112,9218,2971,2723,2984,3687,1051,9279,1142,8296,4299,7327,3051,9125,4419,5401,9604,9581,1341,7818,187
2727,348,9497,869,4841,1033,6959,8567,8831,7304,2418,1160,6163,2234,5440,7034,3567,3535,4416,1789,5531,5949,1594,4639,1444
7026,6676,48,3772,6355,1042,7120,1929,4793,3682,4460,156,7038,2630,2010,2490,8710,369,5098,9020,5084,6122,3553,5480,4421
9908,4312,8467,6048,7719,6071,8492,4894,6554,4676,420,443,2381,8071,1868,2777,3907,4069,4770,3478,387,3168,3164,2432,6082
1423,1345,8585,2431,9099,6960,309,6673,5487,9854,9272,4729,483,3958,2874,3929,2985,9917,6250,8367,4950,6523,836,1626,1525
5838,8554,7995,2183,7702,9558,2786,2631,9424,8651,5659,255,7225,5815,1468,6685,1903,529,4720,3569,3344,2487,7292,6680,245
4522,254,6585,3754,5333,6459,5916,1638,3093,713,2265,825,7848,5009,7473,2774,431,4424,6036,4582,9233,7928,1968,8241,4526
5941,6796,4587,3160,4328,3366,2535,8589,3931,5684,9657,7315,5947,8549,8053,668,711,7717,1402,8317,601,6209,6859,2109,7324
803,6126,3921,2817,7647,4783,6113,9003,9220,8774,7492,9855,9724,4114,9177,3916,2275,546,520,3702,2219,9113,4340,1773,4644
8242,337,9311,9557,341,2420,1725,3276,4244,7859,704,490,3286,7404,52,9753,9547,3706,5156,7646,4917,8423,127,7253,2635
3834,2143,7136,9528,6666,3556,5233,4501,5534,5077,3065,8356,5051,8504,4679,339,6844,8376,7208,5260,3989,6439,1886,8090,7067
3877,3675,1739,5490,6053,908,1681,1257,633,2408,5309,8667,1534,9997,1920,4241,8294,1983,8445,939,240,4762,4238,3376,7214
9228,8033,376,5380,5912,7572,9552,2009,3511,6069,3395,5904,4319,7524,1703,7679,4764,9115,5425,1239,5036,4119,909,5530,6831
1529,8707,3431,6479,193,7775,4847,4455,5312,9172,8081,6769,1867,8232,7014,2089,5452,7396,5305,9818,2593,4933,7420,8240,6654
349,1395,7191,7575,8981,4538,2903,9629,2686,7013,59,1188,5356,1575,5195,2315,4305,2336,4732,1711,3782,7855,1194,8973,5787
2140,7282,7622,6115,7853,7580,2266,4862,1936,555,8050,38,667,9082,726,1303,7203,7462,9605,5764,2939,6165,299,6545,6029
2611,5636,4746,5528,8541,737,1283,9077,6202,3353,2720,9408,5363,4141,4121,1843,3909,2157,8256,1238,2610,8729,7020,4622,6436
6965,2625,3812,5123,2197,2536,3243,8586,7689,1010,982,5160,4860,3889,4266,8237,2933,7716,3910,3587,1181,4486,5538,4129,5241
6933,7640,377,4389,6999,7171,2063,1092,5711,801,7688,1900,1509,8099,6616,9209,6232,5454,6768,9870,9968,6703,5889,5466,1536
1967,6920,2214,7602,3670,2565,9669,5794,5486,7954,9446,5880,1026,9978,1699,1582,3322,9072,8864,8921,5712,6117,4050,5950,5355
7527,3719,4498,9949,7744,7177,4006,1769,5095,703,920,5897,8751,7846,879,2548,1558,7351,3858,1562,5975,8039,1233,5481,8280
7091,2825,8650,3847,1856,7531,5692,2385,7795,5286,295,7624,2386,4221,5852,1954,9687,2506,7868,6044,8773,2137,7121,5546,7297
8022,3219,2992,4154,3840,2284,9195,584,7852,5803,206,6184,8974,768,6758,3111,9773,1643,5691,9137,3113,3282,845,4532,7089
8791,3491,352,8450,2522,2674,9500,6772,4450,9127,4844,9179,2317,2375,4510,1454,9207,5782,7005,3808,511,1485,4145,4026,68
8149,7156,5713,1618,5299,6348,6068,6766,6080,7562,8694,572,7275,7467,7645,9801,3401,2343,7226,8284,6270,5120,7079,3388,6383
6168,1143,7742,8366,7096,7652,5416,1951,3399,1717,721,4003,6237,4391,1107,3970,9095,7371,9927,6349,1959,6601,9322,2804,4590
4159,4335,4903,5218,4561,4656,4248,6197,9423,6818,7347,3254,4149,1229,2931,3773,2606,9635,7295,8592,4658,2721,8535,4784,2869
5278,2331,5132,692,2738,5014,6308,3766,166,637,2475,7206,1162,2489,9545,2851,385,3972,1004,2551,3019,6672,817,146,7477
4521,8446,931,2246,8658,4554,6081,3308,7877,8215,9504,5503,1915,8246,6490,7378,4777,6062,4502,3948,6787,3173,8717,3609,6199
1537,2690,6509,9450,8748,1163,8800,8116,2291,661,8016,8894,9468,9175,8858,7592,5138,6003,1284,4239,8895,9171,8384,4269,4309
1633,5911,4325,4240,7798,6644,6423,2717,5214,9356,3652,5257,8899,3430,4785,2025,3416,7221,7002,3209,607,1971,1531,4390,3134
67,1567,343,6835,5491,6327,8686,2014,6833,690,7648,8801,4030,5439,1834,9413,496,5213,6854,2527,5276,2895,9815,8471,5094
833,6324,1869,7178,8283,568,6420,2922,3695,1382,1544,4614,1145,6030,6251,9702,3681,5073,8484,5308,8678,9110,6668,2566,9163
7448,2188,479,6719,7800,5431,8390,320,9476,9505,1865,7506,342,9790,5932,764,7328,3131,9779,1751,8198,1090,9942,8811,7129
5402,4740,20,3419,453,2890,2677,6781,791,414,9212,8696,4393,8626,7056,3012,4670,1710,6013,8145,6720,1358,2087,9690,9392
7911,1752,5715,6179,2698,2116,9548,6031,8582,5738,6285,1858,5066,3945,3579,847,6532,4854,6942,3572,119,895,6258,3467,2078
8676,8339,5477,1813,6816,6312,9943,9575,5035,9659,5096,7940,2225,3596,6658,233,6208,8326,470,1207,6127,621,829,9888,4106
7310,4098,8194,4575,247,390,6842,4507,3096,2546,2405,5733,6401,8351,7322,7293,9730,3578,5621,3897,1483,2440,450,1925,4586
4494,5323,8779,3284,9689,2966,340,6530,9710,4123,1437,6157,6275,8615,5829,677,9567,8825,1816,585,6892,9844,2462,8303,1061
6019,603,1140,8888,2190,237,1263,7893,8292,7445,9411,2127,762,1507,1306,4881,8046,5778,1709,4856,8447,4817,9787,11,4471
5040,4583,8302,7277,3045,3618,4496,1319,5251,2951,4982,8120,5405,5674,3850,6511,2952,8151,8916,6928,3903,816,6587,4743,3796
7510,6563,6737,9860,5671,9857,6794,8062,9319,4692,1029,7593,6671,7932,3736,7904,170,2656,7583,7512,2104,9890,623,3074,5579
9830,2790,7980,4787,835,9934,9568,7700,8100,5358,8759,5338,2627,9142,9271,5827,5267,5541,6466,6332,3197,9721,9551,6493,9907
8468,3935,3132,1848,3193,1399,3000,6519,8885,3392,3647,7158,413,4606,4562,8664,6247,3417,5565,6156,7011,2072,4136,4818,8764
6255,639,7087,1707,7660,6642,8380,7825,3426,4477,5366,9603,9274,6565,2235,9329,5437,4636,5105,3103,5283,9749,4508,6677,3174
4914,9834,3507,7548,6153,7364,685,558,6005,2760,1931,5759,4906,2663,7495,8830,9282,2798,442,1366,3049,195,952,5931,738
5501,715,4310,576,8401,3642,6771,5660,5624,5293,1488,9407,9093,5677,4253,8449,5612,6954,3636,2941,5854,1694,6042,265,7112
5264,1118,7061,5987,6718,2138,134,5893,64,3996,3449,5016,279,571,3750,8291,1657,6185,2241,9531,7713,2584,488,9273,1099
6070,3648,1614,8461,5785,4744,8958,3356,7816,7168,8387,1911,6502,9288,2065,489,674,755,4790,2393,9224,3565,8419,874,5610
4814,2256,7057,5905,6838,3739,6789,6681,8410,997,3559,1153,1601,5804,2267,4202,1071,5819,653,8746,5337,3883,2368,7658,7725
6726,5070,7344,6281,8415,2276,8416,4954,8972,2741,8762,7786,2830,6268,444,3337,4436,7923,6314,5072,9700,4404,3327,9447,670
4065,9789,287,2435,2574,5086,7403,6505,1804,4044,2946,5288,8123,6444,2919,2650,9672,5461,3712,7426,9578,5374,219,6846,1526
521,843,4684,288,395,5297,2516,3524,2788,3468,416,4943,1986,7772,5791,9623,4281,5843,7291,9338,4306,9247,6130,5816,6824
5317,2639,1875,5768,5493,6155,2165,1316,9231,9698,5798,7436,2948,6219,7146,4100,9642,8168,1933,7441,5913,4420,9992,9134,2147
2459,6626,2805,1300,5023,8813,3895,9685,1811,6856,2177,5435,3102,355,4468,7556,8704,9735,7412,3424,8279,6475,7417,5056,5219
6378,3471,1032,9206,3729,3880,4663,9982,1779,3711,4726,9668,2332,143,8990,8649,7828,7254,3762,3030,757,2228,752,6957,658
7773,1433,8646,3965,399,6051,2666,8181,8643,854,4115,3011,1617,6060,8606,4206,1070,2793,7955,2855,2731,3667,3061,904,493
9017,1963,5238,7615,3672,6961,4223,9866,8098,2181,1137,9896,5390,411,3262,5074,448,5510,224,5991,8821,919,383,963,1431
6358,7993,9245,9525,6390,2463,179,5315,4511,5326,6310,4377,9608,4449,1134,264,6802,1268,8226,4481,2880,4227,2678,3790,230
5735,8330,8683,374,6991,3464,7449,2636,6813,2383,1957,3876,3689,3658,1111,7639,629,9372,5379,8640,9951,3142,3253,1075,298
3039,7559,2710,9576,4979,9485,2427,1663,5552,5188,9198,8103,7987,8583,4527,8556,8273,36,4630,8205,6175,6914,3603,6573,7176
3518,315,3656,2679,1088,4046,1164,2709,6172,4570,7930,3920,9564,8624,4910,2261,43,6860,2808,5364,3915,3781,7471,988,2680
5169,9307,8996,5451,5951,5294,6664,5549,6619,3516,5258,8358,9130,6405,2407,619,113,5017,8883,6808,5600,7599,7632,9675,8254
7671,1055,6404,5921,7287,7836,3311,4734,955,6756,9850,9469,5664,9918,7625,2092,7620,8197,5841,9777,5867,2961,477,8025,8238
2259,732,1883,8845,3631,696,5868,5864,4774,9509,634,7657,6187,3612,6340,9580,4033,971,979,9360,9544,3255,2277,9033,4077
1315,9371,4369,3170,5821,516,932,4804,6625,9985,1939,2071,2400,236,8665,2785,8661,7476,2587,5408,8295,3413,4926,4981,1874
9507,5003,1335,9535,4574,4753,276,2142,4731,8629,2358,4426,5573,1786,813,3466,3382,5272,8706,9941,5575,7138,5400,9434,4607
3333,6898,1543,9327,3708,1131,6839,2995,917,7947,4795,5960,2208,449,2447,2539,7248,7033,3318,7350,382,7934,996,3589,2133
3205,5212,6936,201,977,866,6815,7216,8712,5938,9397,4059,5010,4629,2026,1256,8043,1960,6480,3377,8601,7540,8668,3067,3863
5822,9185,9147,2476,4370,606,8739,5142,2311,9217,2278,4148,3969,7487,8147,3066,7820,8948,55,3097,8663,9821,1497,8853,9096
5967,5631,6709,8832,91,9716,1570,3338,8509,9126,8333,7921,1514,2448,4099,2778,522,7612,8395,3824,1087,3838,9269,2729,4303
1930,1944,9335,1151,9979,1464,1320,9422,3099,1572,248,2555,9004,2653,8806,7813,297,3387,6396,838,9457,5780,8756,966,5419
6600,3901,6984,9619,5959,2361,3499,8721,2801,9045,4270,5744,3639,7410,587,1958,2018,7114,5999,9820,1146,4927,9221,9496,531
1255,7232,906,9200,7012,7693,6274,2098,164,6024,4707,2412,3364,9636,273,4985,1905,8525,1324,7260,6335,8154,1746,9617,440
4608,2156,6244,4766,2739,2706,3073,862,5499,3325,5699,9621,8146,7653,1907,3753,4724,7064,9275,8354,5980,4682,930,823,9148
7678,1443,3351,3864,86,6410,9211,2868,7284,6727,8182,8203,1795,9306,2064,2975,4179,2597,456,3472,2054,548,2012,4756,2533
7157,6851,3059,9956,3207,2095,6656,1897,6139,651,6715,3188,3820,9641,6087,3855,7553,8752,2759,873,2286,9190,4886,5830,3544
4039,5197,7045,2668,358,6120,381,8558,5800,9591,8753,8797,4108,3597,3590,3924,6635,9135,853,6049,5102,9287,7218,8023,2442
8319,5177,3643,1337,577,7585,7503,3508,7437,1069,6380,3248,344,8388,746,1027,6316,4514,5619,669,6293,2682,79,1189,6869
6994,900,9553,9395,5513,5208,8048,9763,1338,6935,3150,6473,9630,2845,3121,14,8896,3493,88,9831,7833,915,5788,7890,2997
6341,7395,1360,8104,8271,1246,3602,6443,6428,1422,5581,5247,7236,9695,926,4254,8495,495,3459,4837,4441,1878,8278,4205,1086
5878,7383,7150,3481,6280,9738,8425,1547,9792,4577,9764,635,306,482,7873,3445,3918,2205,8216,3225,8930,6738,5681,3848,8334
2152,2784,2141,5805,6790,3533,962,133,7025,8977,8499,4769,2373,7372,1520,7606,5215,1820,3975,4475,4131,8161,6998,724,1428
615,4857,2189,408,6791,6836,3146,4364,267,5114,2318,5898,6596,5030,75,2167,6083,8917,3635,7781,2134,7073,1294,788,5742
4865,1006,701,9309,5078,4120,1415,2836,2737,8623,2342,3140,2129,8028,6421,9170,2781,7567,4704,8584,6618,6306,4286,5606,7143
7869,6739,4628,6560,7080,205,9067,8481,7307,9049,4610,8005,4898,8989,9114,4948,2229,2453,5459,5370,6160,7824,6238,8919,2350
5903,8778,1802,2320,1079,8281,9339,8008,747,8132,6823,8011,9926,3357,7314,9312,5617,3607,7957,5558,2959,4767,5811,3187,6018
5608,5200,8828,1060,4725,6215,827,6952,2651,5548,5946,3875,2718,7878,3724,7132,2850,3982,4631,4185,1462,9981,1845,198,9264
3063,1503,1224,7116,1198,9912,7316,4788,7130,6659,2645,2146,4207,5666,6558,1841,9090,4690,7545,4451,5225,6011,694,3748,3432
1493,1353,5271,5870,2480,9905,6597,4439,5983,1479,8371,5732,292,1413,5613,3550,6992,2392,5166,4116,3537,8159,4208,4809,6529
5616,8514,1494,4759,2993,859,2594,3512,8631,4380,8804,5981,6015,7231,8703,9378,9707,1791,3292,3186,1287,5518,1734,744,244
2290,3520,9427,2160,8735,9743,6079,3321,7841,5028,2829,1484,6682,9368,1091,6386,2060,4470,8985,4485,1622,5500,8379,1799,956
6800,9634,2810,7162,7767,7442,840,1961,3025,1370,1416,1722,6468,4533,1241,4295,3992,777,131,7554,2186,9394,4274,5011,3290
5553,7485,1275,5151,4599,3412,81,2443,1727,3365,6792,3625,9607,4655,3654,2918,3797,8662,6978,1680,8207,403,5907,4147,9692
316,7035,6967,419,2545,4749,6661,4140,5810,3139,4029,7913,7489,2216,3450,3285,6497,9236,44,2389,7454,4840,7718,2898,7338
434,830,3391,461,2670,6004,903,9902,7167,7520,2049,9614,9238,4904,2079,12,7049,9632,8608,579,3839,291,1760,8823,8252
3158,5656,9798,1729,4588,6574,8381,898,9593,911,3367,759,1745,6828,4130,4459,8681,888,3018,527,4440,6218,3664,509,8429
8872,4172,2744,5099,5637,4972,7430,8923,8130,2660,191,8490,1234,1873,8878,9419,543,8192,2981,3442,1082,7770,200,2775,6223
7827,6140,4367,7569,8940,769,6379,7547,4745,7405,1017,8298,481,7835,708,4597,7263,8889,8565,3003,7160,771,6522,4176,1768
6078,1312,1846,6845,8926,2714,2024,6590,8809,1815,2844,878,4646,6072,5068,4853,2762,9490,284,4297,1861,6097,8820,29,3591
9919,9656,7478,4807,6463,4464,1859,5081,4327,1921,5386,5012,9117,8466,235,3628,7790,5075,1057,6882,5545,2316,9887,7734,4970
9906,1988,186,181,6578,446,9317,6593,4040,2034,5349,328,162,3058,2004,3798,9961,2846,5376,2652,1349,7077,8275,9193,6918
7968,5657,4447,8968,3707,8034,7909,3226,9488,9286,4085,4578,4493,1801,8225,4842,9718,208,7935,2218,5285,783,5117,683,34
899,5430,2967,5917,6549,2002,1274,2303,7831,9701,5110,8619,1568,8784,7977,4056,5886,5043,5322,9391,7971,1265,3118,5587,9529
6498,7817,6417,463,225,176,9111,294,4382,502,1910,4087,1455,2496,8478,8722,9000,8282,6810,8014,2327,2345,4998,4144,3172
4360,7641,8394,957,3513,7618,1685,7949,8593,3235,6432,3926,1186,4347,3509,9676,4689,991,7183,8836,5362,8998,7806,472,5053
2260,3531,1598,6034,5450,9149,8324,1586,1117,9367,3738,2637,7521,5540,8563,5230,7875,7099,3152,60,4642,7690,4366,4846,9569
9188,9047,820,2328,8091,3277,4437,256,6941,2416,2036,4362,7902,7122,3627,9084,8942,1304,2914,5261,1008,1247,3046,3485,7537
5955,7069,6973,7563,4513,9681,4876,6357,3094,1749,4861,3069,177,7891,2125,7903,5158,596,710,5678,5638,7844,8340,8464,9910
4410,574,4232,4591,5772,9240,3568,4193,31,1898,1591,6932,5041,1449,4117,4214,2732,5381,8383,4705,7081,9215,8112,5642,9331
8166,486,7124,468,5523,8392,4781,5770,784,3775,9023,929,9805,4995,8411,1852,533,7340,1824,8680,3841,7349,2466,1696,4196
6365,108,6269,7029,6342,7793,4212,650,4994,4687,1895,3117,1857,8361,2428,561,7241,3444,2859,9250,8740,7331,1206,1389,7910
4294,9661,8833,3960,604,5196,5298,4983,6615,3032,3646,7461,8588,5754,7181,9742,1784,6559,2916,1242,7577,8191,4760,6131,3843
3778,1041,2307,2070,9512,8020,8931,7745,1989,1394,8815,8847,2460,2589,8355,1056,9993,2041,3374,841,4417,9693,3297,9837,1794
145,8189,9958,7929,3017,4989,846,5536,9624,8614,8297,6290,7072,5582,363,8437,7883,1758,5871,7435,2716,9100,958,7491,4198
2865,3438,5767,3811,6765,9612,6230,4609,2445,1825,7288,471,8732,7358,5990,5651,6474,3386,2031,6988,1720,6263,5181,6372,5705
739,2028,1559,7273,2210,7301,2191,7113,3378,1073,581,8007,3657,4225,9388,5661,8741,3928,8537,7687,1226,1863,212,8093,2538
626,362,3274,6776,9638,9944,1806,2956,2184,9517,9573,8321,6752,1793,618,1980,8488,9519,8946,5851,2736,1840,2915,9039,5979
4626,4661,9929,3886,3368,6239,7289,9655,2512,9145,175,8422,675,7674,8503,8914,5446,2491,7190,8792,3316,1261,4158,2433,7711
1855,6695,7279,5937,2390,6872,2052,4378,3959,4991,5444,7925,2860,3659,7311,7747,3690,6152,1409,5255,5423,5998,5300,8835,9873
7457,5918,4315,891,7598,3195,8638,5891,992,9703,7131,9744,1585,2757,1666,2578,7194,6305,7353,3594,4780,3081,9880,4043,2728
7207,9201,4536,6711,1539,7546,8684,9042,4827,9759,3853,3163,1458,9357,8235,4302,7022,9708,5716,6151,5583,2842,9081,938,1829
800,7867,4168,6638,2509,4702,7027,868,388,1439,3899,1110,2528,720,7694,9470,3946,7783,8341,61,7986,6189,1425,7609,5894
3868,260,756,7676,613,4952,1193,7186,4634,1713,47,7109,25,3988,970,9833,123,8312,1098,3332,95,7801,8249,5026,2268
2813,8785,6817,586,588,263,2835,9046,5321,8543,6033,300,2665,5192,5596,4190,5688,4284,2293,3016,7996,8129,981,6387,9550
9086,428,9253,7579,4398,4392,8971,2199,3784,6843,409,4869,1282,9365,1675,154,6582,5793,6409,9804,7943,9052,5473,9366,6770
8911,6150,1566,3452,6084,3155,5594,5564,7751,9345,2053,310,304,3715,5193,7479,302,4936,1664,3818,5906,9404,1644,199,1054
2657,8783,2245,5765,5568,7051,1640,9006,6907,5393,4542,7518,7634,1753,3527,8515,9204,2441,3258,9352,7240,4779,5507,519,9853
2226,5342,2659,2989,7879,8369,5555,5327,6145,3554,6564,2862,1068,3296,9937,8209,921,2840,6287,5839,2560,9334,7721,2289,5627
5019,4947,9947,8991,30,2600,7460,241,6098,731,5377,5685,2676,6243,9883,1755,1043,9133,8787,5728,5769,8596,9770,9538,8550
5745,9297,5875,8357,8609,8077,7285,6278,3743,5675,3540,4987,1822,5706,6471,2056,8163,5334,4851,4255,6496,4444,4693,9864,5065
357,4083,9506,5516,9633,7619,4376,5125,7760,216,415,5572,8979,6788,6415,6326,7539,5520,6849,8331,4584,9994,1139,5378,3964
1733,3566,1309,6977,2257,6996,5460,57,2563,1391,8780,7974,3994,772,8457,368,4677,27,2853,4031,5018,663,6728,2843,4282
9809,6569,8347,6555,6090,8841,4257,8506,4603,6780,8964,7982,2451,8803,3294,209,1672,6594,5595,1909,1430,2585,4472,565,503
104,8300,1682,9719,4138,6376,6873,4723,5633,7597,476,8107,998,1252,9302,4080,5720,6743,4017,6492,6107,4332,5847,7555,9184
9381,9189,4259,2691,612,9867,7415,4175,1405,7363,4978,3098,5934,1076,7228,168,9843,6317,4224,8277,9380,2669,6955,9793,5730
6837,5162,4942,3369,8859,2083,458,4288,1797,4329,8121,9262,159,7791,9664,5953,2232,7797,2940,274,8659,9886,620,3599,6624
9075,5087,2123,1948,7233,5303,1669,2876,3304,3358,4230,4020,2972,1721,8038,9054,2644,7505,5543,3335,8957,5933,8196,5227,733
3629,26,3231,6811,7681,4152,8396,1522,736,8345,6595,9361,9369,8456,9869,9161,8826,1969,7523,9107,6389,2920,9374,2513,5963
350,4290,6784,8056,105,5623,7525,7161,432,9414,5723,6584,7219,2902,4090,7306,3136,9431,4038,1876,8480,3036,3257,2114,8045
2802,5697,6731,3053,2128,7804,9061,3666,4688,8963,2003,8521,8597,3085,4880,2750,2772,7317,1996,4602,5958,5828,1365,9816,7856
7360,259,6398,3022,3517,9376,7166,6902,6730,3725,4049,4714,6785,4157,4848,5391,7217,7975,6427,317,157,2863,9930,3082,6085
890,826,9611,6297,5359,2301,1177,3052,2504,3733,1553,9203,7508,608,8891,5191,842,4277,3810,9225,7561,1495,485,4893,9344
8269,9292,8276,2255,5205,7661,9244,9384,1477,8672,9898,638,897,8903,5569,7366,7159,4155,4965,617,7590,8397,602,6058,173
2753,6690,1595,1465,4317,1258,593,8634,9359,7900,8700,3892,1837,4992,5175,5346,8612,3204,712,5909,7423,9257,6927,1078,6732
1313,570,1712,8386,138,9609,6805,7953,8786,7323,4195,8026,3190,2299,809,1374,6714,283,4132,7286,372,3092,3685,1956,3726
8332,5352,7542,7682,7849,5139,8027,9448,6812,3070,1475,2111,1280,5399,1023,3001,6865,7348,1203,2820,9522,773,3563,9957,6712
6267,4215,9265,5721,8652,4146,7376,1661,9336,3714,7428,4260,4280,5183,4722,23,3671,3127,2947,5310,1496,2942,4103,3767,1329
3128,3047,3465,7299,2655,6653,1554,4499,9176,9241,7040,8625,1940,7810,2826,1473,4986,6753,9904,8808,9280,2632,3213,1879,2173
5731,5589,1059,7070,7517,50,4211,2413,3973,5737,4564,9491,5761,5708,4112,4543,2115,3703,2872,6855,6413,4797,7740,2510,3744
9737,4162,8519,9116,4849,7733,5701,3420,3206,7431,289,3315,8259,7667,5629,6489,5792,2485,8915,1660,6707,4794,366,9811,9248
6717,805,8715,9813,924,8838,1015,7851,8084,6729,6516,8414,8187,7886,346,1272,5658,9828,7997,4999,129,6050,8892,5038,5525
4802,6982,7981,763,6958,2482,251,2889,2075,182,999,7333,3161,4528,1178,6674,9037,3686,4383,1521,8079,8210,8546,8059,2595
9973,1688,9980,8869,7382,7576,3380,7346,1002,9151,5823,4278,3446,7991,5547,7746,1385,7967,6985,3341,8352,980,7564,9841,6819
6261,3963,8738,6686,1757,8856,5848,2624,2537,4627,459,3196,1985,7692,8473,9252,24,8763,2094,8840,5873,5092,3552,172,1588
1190,3769,3182,8744,1714,5739,1232,1630,5484,3688,6651,3510,8604,9136,7444,2161,8725,9492,1888,2866,3310,1112,5496,1106,4741
7608,8603,9473,1662,9571,158,9566,8531,901,120,8313,3165,1548,4054,8337,2949,4037,21,1515,1195,4292,1901,9865,2155,356
6259,8293,676,8494,272,3037,2520,2446,2524,3885,3038,9537,9786,151,2707,7796,2449,5171,5228,3090,400,1502,8983,3669,364
8318,1955,4895,2894,9202,3027,2896,3375,3138,8458,8115,2434,3143,4384,5634,9683,3571,8343,4042,84,4425,3902,6394,4060,8448
8965,3191,4503,2953,8262,3757,4810,3745,5406,4650,536,2699,3319,8158,5467,6212,1607,7665,2815,2998,4616,7715,6110,8285,8188
6722,1328,8174,9599,5896,8498,8548,3737,3042,1917,3440,622,3451,4579,5482,8633,4557,6777,5506,1943,8060,7726,1381,2073,4572
5020,9741,7513,1295,8268,1254,3220,4715,1269,4023,6698,3865,6381,2254,8777,4581,7239,9417,1698,8837,9014,1800,6284,4458,9456
1533,3088,8999,1870,3668,892,6514,9916,6525,1743,1170,9283,2309,6547,3437,8758,2794,4330,7205,967,3584,3180,3199,6500,7032
1380,1972,3265,9879,9326,5709,7118,7255,5696,7899,9534,3463,5107,8251,1457,975,469,3730,8566,4353,6980,1259,8742,4931,8805
547,1097,8106,1460,1778,9167,6256,7352,7007,5101,1998,4007,2421,3779,96,4344,2040,4036,7238,2384,5004,491,7342,8127,7722
1351,9628,5433,8720,1540,4379,7390,2282,1560,3077,4463,2207,4287,9441,6333,5076,435,505,1684,9466,7651,9616,1977,2629,6093
9018,4611,6086,8679,3583,5504,5129,3218,4962,3307,1478,9070,9094,132,8032,7083,4216,4316,9270,864,6572,589,5429,8886,8218
3661,8405,1926,452,8733,5155,7822,1364,8580,139,9418,965,9406,8925,3317,3749,5147,1052,9859,8142,3034,2495,326,150,7125
530,9562,9304,3650,9889,3968,8516,2492,6487,331,7758,4107,3905,8003,3551,627,7961,6262,3280,7230,8443,1973,1854,730,2929
1964,8167,4405,5348,2366,2042,7028,8359,5292,296,5948,6741,4573,9219,8015,8399,2150,2591,6983,4545,5693,4916,5498,6663,8170
7633,3962,5966,4078,5554,6177,1197,4204,4027,1718,2438,986,6329,7497,1499,3141,2828,4672,4874,9008,4941,410,6910,3345,196
4569,3604,5371,8110,8901,5690,8199,2970,4177,9750,2101,8247,1438,6550,1932,2470,4008,5514,2341,5216,5505,8136,2649,1511,7959
4659,6292,7334,3176,6141,1798,9065,5032,851,5061,2608,4169,2287,4326,4675,871,1022,128,227,7266,7210,5256,9328,4566,3816
136,9938,7535,9895,8562,5367,706,3866,6963,475,5468,7948,1183,3192,5421,5885,9646,8267,1138,3829,2796,3229,9946,4237,7924
1211,6971,6867,397,6630,1655,6125,2692,4236,6164,1062,4772,7179,5448,2821,5034,1912,2472,1679,8462,1984,8102,9541,7979,3227
4474,5714,6609,8839,1832,7354,4518,3620,6733,2702,5640,834,9087,142,9191,4222,5883,3765,1581,2404,524,7251,3390,7418,7463
7635,9785,9583,5969,307,8538,9036,6757,5639,6344,4624,4537,6373,3489,1962,2768,8611,8308,1472,1810,4833,3041,7942,4913,83
9178,1979,2271,3006,5626,4250,3448,9739,8610,9085,380,2923,4365,4191,5982,257,5445,8496,7094,4635,3324,2481,2124,5665,406
3783,6821,7021,9572,102,4932,2370,538,7127,2601,1173,5134,2556,4466,3396,6620,2500,2374,8019,4674,3630,2085,8849,4669,6527
9597,9925,4739,6850,8959,3105,4467,2613,5935,2704,1673,3640,141,5029,7135,5441,7737,5153,7369,8893,3014,202,5985,7710,9122
5291,1463,9083,3135,8073,2912,6762,210,1576,1756,3721,6046,1723,775,9138,1763,3221,3268,1030,8861,1386,460,7367,4213,9152
6154,3898,5046,9984,7329,6162,6911,5643,1104,748,9104,8200,7389,5920,152,8890,8212,3224,8080,375,335,545,2812,174,8561
9680,4855,3514,1014,4593,5042,8523,2936,9959,7976,6026,389,6767,1927,6452,3343,515,8928,1481,9464,3548,3694,222,8544,3961
6361,7571,4082,6879,1513,5566,424,1704,7642,2756,2911,3501,1016,6283,3740,1440,9974,1604,7882,6548,5164,3299,2351,1453,9007
74,8695,3410,3360,9256,8844,6192,7006,6708,1970,5544,4028,6041,4275,767,3062,8714,6017,8304,1310,8479,6321,2180,1159,4058
8551,7321,6336,8961,5082,5820,3995,4184,2986,7319,8348,567,2899,8950,5410,1356,3409,7215,3162,5474,3114,7189,9499,4559,8253
9654,2091,4047,3108,5890,8365,9278,9618,9970,5100,1919,3373,2192,6286,7696,9666,3428,8986,9998,3403,2693,2909,7515,3267,8176
8029,4530,9733,1826,9971,9118,5726,1641,5161,2688,5314,163,2330,3147,9043,4256,6338,2168,3293,8747,2230,5361,4351,6852,9053
2074,3825,7048,3247,1631,9713,3120,329,8335,4620,8816,2348,5535,8040,2705,1135,3919,4431,7802,5395,2614,9678,103,5662,4235
6760,6705,6043,1101,9205,9386,2559,3252,6586,1772,5126,8628,8289,7258,9560,2213,2749,322,2066,2776,2569,4546,1171,5060,9622
1093,9129,8689,7252,8171,99,7630,8118,4665,1336,1429,5206,8067,3425,9691,6499,7916,1169,7582,9965,7174,1124,58,7644,8131
2493,9398,8850,6925,2044,5252,6749,4228,1891,523,4529,6940,6481,9637,1923,7534,1978,6552,6345,217,7805,4066,1625,514,9472
6371,54,4892,3179,9776,4156,2027,7044,7010,5306,5007,6639,1286,1089,605,62,378,7046,5329,8101,6534,7152,9878,6926,1646
6224,4613,7538,5091,3326,4662,4911,4944,6307,8068,178,4251,3287,6899,6200,5268,8409,9027,6893,9214,436,5143,4984,3777,5992
3939,3941,6716,3249,6883,9021,3029,3526,5925,3760,9484,1563,2498,2822,1199,1730,1474,4816,8470,5167,5862,7701,2921,5174,4203
9911,9586,8701,8960,5372,1236,7050,1774,1700,5097,1975,6633,197,941,2685,6066,4422,6032,8044,3870,7359,665,6248,1201,3984
4371,1935,5413,392,5049,4825,8687,779,2068,3610,9796,5457,1264,3844,3761,1487,1744,5281,3605,5652,1654,4279,3977,1292,6315
6919,9954,8969,7368,1993,3788,695,3693,9518,774,6969,9415,5180,1549,1301,8233,1064,5942,1066,819,1523,6825,1904,9722,5968
652,3222,2697,9967,4775,4164,9313,2839,9299,7154,6388,4025,6887,2974,5611,8932,7857,5532,9259,6322,2059,6968,7421,9893,4182
9443,1114,3795,3394,3129,780,268,1339,4469,9705,2250,8257,2364,8718,4415,6637,3543,7379,6023,275,3107,9640,9977,3342,5604
6354,5426,5144,6205,9767,7603,2283,5930,2568,7885,8641,5850,1390,8570,4143,2932,1248,4531,8239,7627,7963,5683,9832,9900,3574
2324,8417,1202,8818,9748,7494,9066,8220,8217,3735,7613,3384,2518,2414,7452,6648,6170,7731,563,2231,5801,6612,7019,359,6976
8654,716,7728,2411,8274,5580,1887,4924,8630,2164,2172,303,9543,8436,9592,2515,1619,5090,5603,2356,8924,2126,8716,9962,6848
6904,7594,5170,9143,8691,4517,5295,6301,1613,2270,1200,4940,7484,3944,5307,6000,3349,5973,6025,7860,9964,3393,9723,2955,5673
7969,3083,3130,7153,8186,9768,2507,311,3044,7139,8012,2554,9582,8711,1035,7433,6462,9782,2673,3710,8155,3696,3251,4064,4524
636,3306,9213,4883,8408,4234,6488,760,766,4189,9325,9671,5863,3313,659,499,7907,5344,3245,5986,3860,4863,1003,3492,2553
6478,3301,9242,9342,9227,8517,3832,4258,4535,3799,3698,754,405,5015,5301,1375,4808,3700,1683,6426,1671,4718,9494,6183,9728
2346,2325,933,9503,5936,3454,6763,7245,1343,5845,6504,6599,4877,3793,5586,9663,1814,8982,875,3857,9756,4124,4218,8315,7082
8501,8937,5109,1790,8452,3541,8822,2340,2258,4165,351,5718,883,4806,4495,3780,9333,3525,2237,6102,262,4872,5644,691,7529
1512,3126,3653,4298,2882,4915,2494,599,1103,2575,160,9475,5008,9401,4045,3986,6176,5529,6520,8460,3288,3557,1953,5263,8177
6556,8360,9915,3900,5186,5859,7735,2121,4111,5080,2758,2334,6370,8096,2525,2511,9827,2006,213,1535,8004,2279,3851,2901,6395
1579,8713,3389,9955,8511,8866,3999,6576,3411,6947,1587,5232,5989,2867,4697,4386,6105,5031,9463,9928,1596,9996,8757,5249,6460
5245,3490,2397,6636,6890,7617,7706,9559,1817,1367,9358,4875,8743,4988,2179,3272,2819,4710,8094,985,1132,5222,893,7398,2514
4937,2222,2765,9778,5005,2654,9393,5748,9124,8433,7325,5347,8766,5273,534,1141,3125,1491,6622,1516,1166,3722,3823,4166,1311
1782,4742,3486,4694,1308,1807,1881,7906,6103,8688,2196,2633,9667,5149,8902,1884,4170,4492,4516,8036,3534,6589,5483,1148,4406
4556,2105,6249,1262,6990,6303,9303,4899,9229,3953,6895,4673,6803,6841,6896,4418,1219,4163,7707,6930,1527,433,8440,5717,3149
1489,8306,7946,8736,3055,1476,2131,7128,1818,6786,3157,5571,8576,5750,3035,8113,18,2344,9444,765,3116,2730,2499,1584,3785
3414,3515,353,5472,2733,3558,8677,1702,9983,4089,3474,5526,8432,4000,192,7374,8133,8532,5002,5335,5590,9963,4868,3930,9920
2664,594,2252,7036,3505,7270,6986,2212,4314,4084,7187,3234,8870,6510,6454,9056,3494,6231,968,4104,5424,3320,6944,6542,7596
1120,8644,4615,4815,8944,465,3819,231,9478,4971,6524,7712,6696,2264,7290,2816,3462,6136,1668,7936,8342,2703,6201,7269,3050
6221,6236,7393,2725,2543,4632,9487,678,2406,5592,2262,4826,4660,1237,1597,2080,5118,66,3747,5971,3538,8031,3807,7108,1658
8114,6132,7834,1379,592,2352,9301,5104,8338,1018,4024,559,5814,4035,2824,4443,944,2767,8540,7000,7493,9059,2502,1176,9323
2486,4755,6541,6440,8508,4233,5265,6886,6384,3938,4497,9797,5211,8855,2852,7973,2497,1048,785,5237,2806,5747,3397,2743,8035
8807,1327,9486,3423,3934,4192,4843,4696,7115,9402,2576,7732,8001,549,3232,8222,5781,2586,1670,2712,5984,2410,228,4301,9383
4411,6225,9986,5387,8812,8617,1115,3849,2827,8344,5455,2139,2754,8755,8477,7111,1235,4324,7466,3867,3758,6227,1150,7237,6603
6537,7456,7544,4789,2204,153,1025,447,972,4081,9164,1635,1603,2711,161,7750,8138,33,7994,1877,5443,7356,1001,8788,3764
751,5127,6325,1517,4247,1361,4321,9050,7522,438,1686,9196,2925,8153,5560,5857,9720,2615,9258,9799,6494,2465,5817,9237,7865
22,7222,4318,9103,7884,4442,3458,9757,3523,7670,4478,7188,8152,1100,7424,5176,8698,5834,467,797,3980,1995,7126,8520,5341
832,4730,4009,2715,4828,4728,2873,7339,742,2864,3350,964,1058,6725,9922,9453,9266,9254,2403,6588,8444,6929,7532,3056,6889
398,5585,4820,2590,445,1952,3372,1974,6866,4523,8793,4600,1506,1777,6010,9932,183,6411,6429,9343,5047,2877,5771,3455,111
8527,3169,518,648,2314,3593,4062,6579,662,3787,3086,8693,861,8236,5826,8992,2881,8767,9694,8353,3624,2461,3955,7256,8605
9884,5116,9858,5703,7060,7604,7668,4110,1451,907,7414,5415,3298,8234,5899,9914,4571,2456,3441,6909,7821,6870,6217,8660,7939
6339,885,9353,1411,8211,7259,2117,6174,3370,8052,1222,781,6533,4519,2505,2735,1519,345,4648,4763,1047,6149,2424,9210,3846
6539,799,8907,6431,8929,590,8657,7708,7765,3339,9670,3874,7530,5836,6544,5240,6697,5746,3497,7709,1369,4598,4506,2269,5131
2120,1550,3119,7472,717,9648,9696,9029,7675,9762,1590,5316,7018,6216,8761,4051,9123,6645,4262,3936,441,3483,8749,2700,8636
3279,6124,2169,8618,6242,9263,5622,3408,9989,3263,1063,5790,2380,3912,2224,672,1573,7739,3250,5763,7272,9351,7607,421,4800
6871,9064,8250,7915,5420,8140,9249,7004,4063,3404,4348,4091,7528,5614,9555,6009,238,4859,2238,6655,4700,6580,4336,5113,2166
1291,5462,76,9761,5033,9010,4951,5121,8910,526,5269,3649,9495,9727,8781,6464,2883,5438,2297,7195,6235,3181,4567,7872,501
9643,1850,211,1113,4625,6688,6266,4922,3521,6182,8370,3802,4555,7519,4858,3210,5704,7090,1418,8431,9002,6001,4738,5562,1892
3951,1129,6353,6399,3237,5382,2425,9706,6419,5239,6901,6608,5250,7117,321,3064,1108,9645,9903,455,6467,109,7296,5336,6246
8639,3183,9644,7276,9513,3154,249,7475,1827,8945,1945,6161,9527,7464,6793,5284,7789,1192,7402,1094,583,9437,8322,4890,4967
7766,1831,645,7729,5646,6472,3309,614,9626,8202,422,1732,4096,1396,7078,1011,101,2809,6513,4434,4101,551,5465,6575,8024
9449,9389,7832,5173,3021,5954,65,8727,7840,2641,3637,9308,2144,1649,782,7249,8731,9166,6736,6669,8507,1228,884,1179,3089
5818,9824,6508,8772,3957,4448,657,4618,9362,1357,4151,1182,2102,4217,234,8362,882,2526,7407,7085,2834,2081,2319,4706,5972
8796,9760,5537,7105,8874,4509,7330,7042,7397,98,3619,9800,9430,8406,8927,1708,8141,1796,8087,6495,4601,811,6382,5576,8489
2926,7247,6643,8814,8264,5427,6222,4832,7753,94,4945,6067,9186,2622,3815,5743,2683,2907,6632,2365,6657,1776,1299,7280,5895
6407,9153,277,4354,7917,3484,1938,7149,4135,2797,5835,1819,5654,4657,3488,7628,1419,4374,792,6989,3985,9051,9931,5064,2396
3271,4921,1267,1165,5045,6056,4757,4428,687,8719,8559,1034,5647,3502,7416,2363,9679,8880,5866,8325,6913,7566,2908,305,894
3004,3768,9080,8428,8575,2752,2220,4076,7927,5914,218,8978,7098,1880,1893,5165,7500,2422,3202,4993,5869,1538,3713,5048,1650
1344,573,4685,2581,5234,8438,9348,4701,1119,144,4361,5495,2305,686,4048,8364,9783,7956,8228,73,290,6628,6822,5383,5876
5262,2643,2642,814,7757,9546,9556,1053,1368,8587,3908,1109,4925,3106,6945,2000,7332,457,6477,4128,8162,8524,9226,2724,190
1230,3842,5190,6138,9255,8572,7336,1999,4055,4812,4181,8125,2928,7199,3080,3091,8728,5136,407,8206,1781,7197,8653,8398,17
7246,1492,2833,3124,4912,9807,5997,4735,8769,3822,2935,9158,1408,7666,6683,9315,3862,8552,6123,3230,9563,2378,7874,3914,2871
2562,1726,6434,6946,4959,9498,9871,6613,7999,3663,2960,4263,2588,1403,3477,5024,8846,5385,2782,7453,7104,5861,7926,6114,1552
3104,5965,4617,1125,8637,2033,9445,9620,4456,4387,3275,4996,1652,3385,2399,8469,3453,261,6296,3033,6448,4504,7843,336,2360
5150,6678,723,4649,8172,9121,1172,1348,6377,9222,49,253,5929,2823,9058,8887,9699,2217,5021,9106,7063,3720,2022,849,2937
6974,7511,3942,6159,9347,7151,1693,3588,860,6627,1647,3634,7591,5217,4075,8802,6518,7088,5902,8017,9649,5887,983,7283,2037
7413,2751,7341,4173,1532,7778,5630,2355,2310,5384,3546,7595,3244,6343,1736,7951,5492,5001,9835,271,7838,8042,1459,484,3549
2302,5112,2858,9584,6304,3084,1156,698,9950,4095,4246,70,796,3581,6567,6795,9901,1466,3043,9587,4544,6146,6662,4512,1648
2326,9098,7992,9025,148,6028,6038,3347,7941,2185,8482,314,7387,7938,1149,4261,365,7908,828,3805,5632,8185,5686,6360,4403
7303,6862,1393,3940,4563,5650,4796,1123,5130,9524,8261,1480,2402,1605,2886,2766,7140,9063,5578,6689,7785,5027,2369,6484,8645
8314,8790,386,7600,7212,2990,9868,8568,3813,6759,6416,282,221,5551,4388,5813,7649,9246,6610,9814,9935,4786,6204,4243,3990
7586,2039,6374,5471,4074,4698,7439,5479,2687,4267,1545,9810,5187,1482,3216,8030,9102,5398,4671,1450,714,6397,4002,2789,4889
9160,7892,9784,2945,6282,3746,4768,649,2281,3539,7262,2943,8938,9806,4831,2354,7438,1835,2304,1442,8075,8088,4686,7978,4736
5734,429,6064,6309,6433,3662,8669,498,5789,9324,3879,6687,9349,4977,2248,6536,140,3954,1645,7447,5456,9009,87,910,556
1780,9019,2906,8064,1748,5304,1065,3727,4619,508,9521,3632,5521,4102,8137,13,6359,1627,8909,2450,1209,3166,8595,7198,3817
9428,8530,7474,6830,9034,8486,2437,6748,7826,2769,361,6196,4482,5988,611,3054,7192,1012,2046,5083,1737,1785,2312,1447,4884
5724,5417,6621,1417,6273,6437,4385,1288,7271,3993,1352,8863,53,1420,550,9276,494,2783,8941,6375,4576,2195,5062,1634,8377
8288,9439,281,4265,7145,8424,7830,6173,3644,8851,9028,6456,8918,4016,6369,1656,9267,9458,3595,2938,2893,1085,1839,3967,169
6119,5700,1116,2557,7697,2469,5331,2055,916,4695,9173,7777,1583,6406,5037,3456,4396,8463,4067,6424,1574,4901,2426,6857,562
8243,6252,889,2803,8776,8074,517,9639,5133,2888,3266,2573,8834,4249,2604,8183,3217,1334,9515,7964,8435,3334,8156,3716,8270
3641,3856,4454,7362,940,7427,7465,9373,5154,2296,373,8393,3580,6938,7337,5229,396,7076,4338,7244,6016,3845,616,5302,3260
229,9598,8037,6135,4866,6435,5137,787,1372,3835,2035,2977,5140,5799,1902,7377,293,3582,1667,806,8117,2722,7792,3264,92
1557,1204,466,1007,124,2338,3383,3122,1705,6605,1849,7030,937,6734,9181,39,3057,4887,6108,5910,1838,6264,3742,5649,9516
1740,319,4423,3480,4359,4400,1561,5226,8266,6408,6012,1392,6313,3800,946,1191,4167,2122,6692,8697,557,9704,6260,1407,7281
9652,122,6721,7243,1277,5168,3922,3852,5447,942,5884,8474,3887,8848,7738,4839,877,8882,9183,7443,3406,4453,180,4801,9482
5475,9780,6289,6629,4708,3407,5470,5058,4836,5599,4834,9146,5808,5207,918,1009,7385,3087,4465,7636,3561,4568,595,4291,9493
4850,3362,2236,478,1452,6453,9477,2061,4594,2359,3950,8553,1218,4476,7305,9769,8745,8316,6461,4641,625,7400,4930,3616,6745
3330,2067,5591,3873,4799,9647,6775,4771,9574,5396,7673,815,9561,5915,6198,7685,2841,1080,85,905,313,9403,743,9120,6874
4363,5236,959,1005,1414,286,7309,5561,7409,2062,4352,1504,5753,1949,8632,412,1249,2501,6713,6171,9131,5172,9808,1505,9596
9432,4004,1629,5280,9595,5849,2076,3144,5865,5775,5343,6148,1136,8768,6319,42,9766,3200,1571,5736,6318,3925,2357,6987,4976
7261,4928,8852,9913,6089,902,3717,7764,1906,5777,9589,3418,3923,497,8765,9615,1297,301,8472,2603,1205,1632,5993,9071,2910
2671,3503,7552,7106,9251,4283,7768,7799,984,7931,3328,7565,8493,4864,541,6057,6735,5407,7864,7759,600,3075,4520,9894,1302
2818,56,8871,4061,1759,8842,4199,2329,5597,1524,4819,3506,4902,666,8454,9101,4127,8373,3148,2376,5489,7175,7093,2695,1346
1928,7814,9370,4015,5235,2467,7683,3598,6646,5618,8013,951,506,664,729,3175,2113,149,6465,1692,6045,7164,9341,6561,2151
106,7204,1096,8877,2050,6254,6272,3890,8600,6065,9751,4432,4821,4180,6975,2292,943,8346,4150,4905,2362,6650,7787,3145,9732
6022,9539,9141,1293,4452,2221,80,6367,3821,8594,2313,4923,6352,1281,8577,1305,2982,9340,137,6724,6700,4079,7313,2861,7017
7695,2745,8329,3601,4776,2153,5221,426,3289,1072,7142,7570,32,7343,7095,6391,4349,1651,8368,4491,3697,5524,7459,3723,3100
2321,3295,7677,8082,6101,6418,3171,2069,978,821,270,1866,6037,8685,5924,1326,6245,9933,3078,2429,4778,1761,989,2367,3983
993,3655,1501,3833,2090,6521,9073,1992,9355,9530,7196,2884,3476,7041,2983,1738,6422,9995,451,8006,5360,3007,7686,9988,8949
6773,4643,4109,8935,9795,3676,6526,5039,2452,6118,9502,8962,8175,2592,2001,3482,3949,790,6137,9290,6166,5783,4621,239,9625
5449,2200,2503,3956,4153,8009,4210,8682,580,1266,9055,7714,1724,4200,6055,2444,5199,8385,207,7059,6485,7896,5006,6331,1289
6104,9128,6981,3031,1130,3009,3882,8109,5266,3893,7220,9746,5428,4946,9882,7945,7425,3060,1471,2681,2294,6864,5204,1081,9289
1290,2174,2996,4209,9232,994,9501,4012,9044,8533,5741,990,155,2333,4001,312,5275,3680,2379,7662,3626,4758,1922,812,2119
8966,8656,1000,9794,5784,7699,9032,7536,1792,1296,7784,2544,6679,1803,5786,5832,8310,8089,3475,3755,6328,3613,4867,1180,327
886,5328,9673,4938,71,3759,8760,7762,7015,643,6128,4878,858,3979,6392,7842,8750,2892,2879,6923,2634,7209,4231,2609,1864
3211,5719,5707,1674,5350,973,6351,7172,8795,4320,1612,3871,7155,3932,2534,4637,6742,6535,269,1653,9026,8229,4479,5223,4307
3259,1359,770,9001,4337,1322,7446,5414,7587,6675,9230,5892,6606,2243,4719,9281,4005,2708,2771,8908,6311,1697,5927,2549,5434
9277,6528,8305,5324,8214,2561,5567,4678,2417,6073,1918,647,4445,308,6226,6566,3363,702,9829,8076,4242,3436,8854,1214,4727
9570,360,2755,735,5945,540,7294,5773,5584,778,7889,6577,4549,6512,7185,4473,2103,2112,6158,2621,4229,6691,3532,1314,7866
5248,6257,3756,4792,1578,2209,9991,2020,4105,5122,8085,6366,3270,9851,1223,4174,7637,9726,4683,4560,4539,5840,8350,2388,6194
2837,628,5669,7808,4773,8936,3684,8451,4824,8920,8621,7123,1765,4939,2957,4446,6937,3570,2021,3638,4681,4918,7970,6337,1592
7912,2484,8018,9108,6077,7730,987,9346,9885,6112,7741,1530,7638,6063,7507,7845,9451,1608,818,8875,2832,3479,1273,8675,8160
7623,9752,8569,1406,1158,3095,7102,9300,7984,9314,9594,7919,3947,4160,6385,9438,2917,2387,9565,7850,4534,4973,6320,6014,688
1285,6253,8976,5996,831,1823,4879,8702,5908,41,8933,7411,7440,2118,1716,6814,9876,2734,7754,7300,1851,4461,5124,7388,8726
9923,5687,8648,6228,7068,1577,8573,7504,1028,9223,4358,3776,2274,9781,8536,2638,5157,3400,5054,8862,5598,7312,6393,8897,5093
4623,7922,3615,6450,3911,8412,3536,2988,6181,9426,5824,7684,2093,2950,553,6891,7550,437,8475,6470,7761,7743,837,3371,3803
3184,9243,7482,3789,7268,1510,1376,2944,7134,5458,4334,6288,5184,5653,1270,7727,7629,5145,632,3622,6779,1639,1271,8000,6755
947,8272,1676,9216,5397,4908,8286,2253,9754,1387,7201,4870,4737,2233,7526,7071,2135,1377,2980,7501,855,1221,9421,2029,1398
7581,1788,6832,3854,5488,5279,2007,7610,9332,1213,8453,1421,1436,8184,4125,2423,4339,9712,4345,4013,8699,3379,8057,3705,3010
2667,953,354,9048,7643,4882,5676,4949,9399,1860,2108,2814,1426,77,8323,6894,2726,3361,1020,9845,3997,3469,2038,5749,9714
2194,9846,9862,8817,3495,5354,6701,3238,189,5375,8290,697,5961,8939,6347,945,5760,7483,3300,5436,9520,9409,266,1691,5152
9040,1435,1833,4342,9452,6710,394,1245,4589,1244,844,2577,7107,1937,2043,4462,9747,4484,725,8491,6881,3013,5194,2077,9688
8002,4271,9540,4873,6076,2976,4540,8873,9510,5559,8193,2761,6368,5148,6476,5389,7720,7481,9972,116,9554,6362,4550,6100,4480
6807,7406,1371,8287,7320,8613,2015,3704,4245,4845,6931,512,1174,2409,454,8627,6783,5694,6486,6820,2572,513,5655,7235,5574
914,3329,4092,5050,6702,5013,7169,324,560,5874,1991,7862,8539,3498,5509,8139,5259,4435,5833,6234,3731,2598,4765,9436,4752
5795,8418,8789,9387,804,9035,9208,6995,7870,9677,5044,5755,9940,6557,761,6868,9295,8420,8327,7514,4118,7876,4558,5274,2285
3836,4171,1187,7509,243,1623,4668,6190,9936,487,6799,5141,1154,8934,9459,7621,856,6647,2547,3683,7451,4311,758,6699,9074
7386,4580,2675,5163,8382,8522,5752,6568,4805,6640,8119,3732,9826,402,5964,9966,9480,3115,4113,4838,9420,2106,9875,2171,9363
7839,4975,3564,9610,3236,6751,7837,147,7663,2136,1039,718,2958,1966,5519,8208,3435,4717,928,4483,3352,3359,525,8092,8150
7723,5919,609,7250,6634,9375,2838,6877,4957,1373,6517,4896,214,5831,1196,6966,6570,474,2954,3496,5962,9197,8819,7705,1127
4721,9479,6483,5855,4652,564,4640,3156,1210,3283,2242,7584,492,3233,4323,1330,3023,2612,8179,5645,4194,5533,6591,391,5872
5776,3633,7895,5485,1885,7861,2617,4197,5201,1913,6092,7182,6581,5085,7944,4891,1083,7812,597,5923,5635,6133,9590,6949,9803
2202,9412,5246,6334,6006,3246,7086,6652,6774,1764,8635,9823,7298,8349,9508,7242,8782,7803,1168,7267,9060,7053,4072,1828,1754
4487,423,5277,802,2430,69,8993,7551,5353,9109,4413,9812,6614,1276,9465,4014,7516,4073,1378,4651,4414,6507,6912,2508,2395
9390,544,6951,1074,8579,8083,2857,1731,7163,6551,6939,1762,8810,285,4822,1049,4956,7724,5729,707,7752,2391,8708,7003,1812
4357,6094,6054,1836,5698,8195,5254,334,2763,6143,5842,9234,6129,5858,8528,7847,3072,3177,5974,4395,824,6853,2013,7769,1467
7894,7952,9892,6061,5111,1318,1486,8178,2517,2849,6948,8078,8442,5202,5672,1609,3933,8122,8905,5022,3814,5877,6553,1298,2273
2457,1678,4052,4969,8670,1354,7419,3151,537,4997,7202,3806,660,2211,8455,6088,1994,8245,9772,2800,3978,1340,3198,3008,6506
9260,7009,2792,4433,6660,6134,2924,6631,7601,4137,2583,2468,8771,4011,5313,165,6515,2280,2005,8086,7901,5463,5837,4401,6059
7380,8620,3981,4071,3576,8574,6458,9298,9848,1950,3076,5412,539,8526,8010,4134,2552,7888,1084,9429,7807,1896,935,8529,3133
8265,1750,2371,1013,4935,6298,3709,89,6956,3869,591,2251,2176,9847,5970,5663,1741,6277,9729,8051,8221,6091,7229,5846,693
7173,5881,8545,3048,7148,130,3752,5605,1528,7748,2648,1706,8404,6193,8476,4201,2158,741,2719,8647,4010,8095,1185,794,7370
2099,473,8389,9852,3673,1687,3439,2240,8954,2579,5115,6888,7771,5282,1152,7543,6052,5071,3679,4220,4097,6271,7023,9305,6346
719,2084,4980,3522,1894,1243,3577,9285,6921,3891,1862,5442,232,9602,7008,6111,7429,5369,4612,4907,9536,3826,1217,3896,9791
2162,1388,3998,5956,646,3185,9987,2244,2300,8465,4408,680,3470,8224,4019,9606,4961,5620,9952,2541,4691,2963,2478,9891,117
9410,35,4397,6180,9613,598,9686,3123,3859,2878,9682,8513,5209,7605,2295,976,8426,6445,6804,6186,4548,6294,3592,9377,4355
9330,2799,4088,566,8063,7468,8956,6670,5365,2661,5648,6684,7611,3068,1253
