792 139
285 034
489 634
505 011
210 486
655 707
770 776
025 639
208 873
919 334
205 412
763 718
568 396
328 861
897 363
338 114
959 953
384 459
725 371
027 880
018 159
718 750
896 303
985 736
991 516
068 339
181 912
306 364
025 171
622 422
431 559
651 266
739 291
002 829
881 141
899 735
349 469
755 338
590 496
090 929
722 522
082 146
872 026
455 859
759 409
919 898
915 677
400 570
564 752
184 221
372 466
935 922
892 665
635 957
121 468
189 617
916 545
987 697
664 058
352 322
502 358
881 436
513 411
797 088
764 742
584 117
758 425
074 516
623 816
995 688
242 209
482 880
127 576
256 617
404 001
596 988
815 110
124 464
435 122
573 240
212 472
221 200
535 467
380 752
288 950
720 201
468 416
831 288
194 555
694 224
173 679
221 649
359 205
014 431
746 429
958 779
343 249
156 430
555 472
134 552
500 785
533 140
304 002
145 901
646 366
606 728
619 419
637 896
948 723
125 109
218 526
282 195
027 670
927 414
405 719
188 968
663 198
520 291
655 046
289 706
308 289
468 208
672 601
022 748
456 883
927 341
748 887
774 205
482 495
894 076
444 433
905 015
474 200
899 339
413 979
366 347
853 302
348 174
056 141
981 647
515 292
968 396
257 739
947 441
846 501
971 465
465 552
197 635
881 351
334 060
808 976
000 540
185 339
352 169
390 742
072 810
353 281
646 438
689 350
358 087
472 711
336 911
109 908
138 096
963 985
556 330
291 479
475 252
477 561
869 688
095 839
897 085
500 126
990 871
101 278
114 811
289 804
666 792
018 789
949 880
510 480
396 163
458 120
184 746
385 149
588 770
088 566
062 412
857 278
998 429
796 146
639 842
664 508
611 057
844 554
285 755
154 706
599 031
054 497
892 647
598 724
239 532
942 726
294 682
798 012
880 192
099 297
562 791
518 970
342 368
313 298
371 798
333 717
120 655
341 598
624 070
774 933
766 508
807 510
319 743
247 072
791 431
740 094
400 198
008 145
487 351
021 984
051 638
011 881
807 881
554 098
714 212
551 821
577 369
226 177
021 145
595 448
653 067
602 374
645 348
514 737
129 243
712 490
538 794
356 714
313 014
310 769
497 855
784 597
153 866
860 999
340 974
283 878
531 314
633 122
113 934
058 868
935 134
973 568
437 045
033 628
017 956
735 383
890 781
248 290
377 453
504 707
723 715
569 776
690 082
380 163
345 112
028 257
527 513
702 997
795 529
726 434
382 951
525 008
343 509
271 146
876 044
225 328
520 560
664 229
656 702
796 732
055 129
134 597
228 340
993 318
735 073
979 693
393 720
698 424
336 448
274 390
236 368
938 087
664 580
733 013
323 501
458 482
847 598
074 020
949 677
085 942
230 017
387 990
597 888
096 729
208 967
545 704
563 235
491 562
819 097
165 654
095 229
178 348
636 000
865 205
299 700
397 828
837 870
884 241
942 827
708 922
291 399
741 096
260 557
578 484
150 984
758 019
582 224
267 004
998 603
214 267
904 673
045 474
318 574
083 104
136 630
658 705
518 001
684 674
571 979
045 234
970 585
179 869
257 607
500 006
441 913
179 593
963 011
627 269
060 066
340 626
224 813
726 868
086 129
383 620
509 392
226 021
434 685
446 329
022 488
689 437
328 834
443 474
756 303
735 088
941 346
718 283
900 685
569 719
567 216
136 483
071 800
858 852
526 217
941 440
358 231
644 382
850 715
558 133
623 539
379 800
663 557
417 432
160 336
704 330
975 052
428 776
163 019
504 681
074 325
757 775
309 058
102 021
310 345
735 060
839 321
926 215
498 444
532 966
577 161
422 899
618 635
251 872
308 603
708 417
927 346
822 827
050 166
657 530
147 616
425 473
867 084
949 259
485 157
096 073
599 529
255 505
548 671
715 585
237 845
628 555
840 859
526 763
904 572
817 120
710 631
134 238
950 316
089 245
373 974
366 324
614 148
015 277
126 974
516 942
390 349
987 346
585 104
022 757
185 486
272 698
005 663
568 222
691 778
738 593
509 884
760 652
511 213
601 721
708 097
767 363
268 177
398 875
966 731
658 793
116 097
225 873
708 183
202 778
948 582
565 110
618 825
538 355
461 955
245 830
163 177
744 894
145 891
679 404
894 998
541 941
622 759
895 264
230 134
172 437
385 289
146 469
595 783
369 852
097 815
258 553
497 453
407 445
687 849
475 387
365 860
069 557
352 447
662 290
421 076
165 594
891 316
674 629
831 696
043 333
658 193
324 293
539 901
191 182
259 035
582 641
473 991
417 263
918 397
946 477
969 827
940 182
069 343
219 247
659 407
314 424
976 867
868 272
337 017
983 537
194 379
492 882
120 139
236 937
834 628
172 739
210 546
430 895
410 658
209 613
020 965
849 254
461 755
019 751
859 739
555 902
867 679
367 776
000 812
150 086
229 882
046 147
476 101
182 793
886 891
068 763
799 731
622 335
337 659
741 506
209 391
636 183
879 633
894 453
712 434
471 622
393 501
091 894
063 291
273 662
792 016
516 025
571 934
202 520
192 297
251 901
527 620
747 230
459 607
893 312
392 867
710 393
057 798
967 242
601 952
142 874
046 825
555 551
598 932
952 180
696 771
929 561
608 619
301 861
477 565
677 260
688 375
763 120
209 416
398 552
103 275
311 357
290 228
785 877
091 704
805 835
480 146
515 304
826 157
054 986
637 105
521 623
146 283
899 334
739 348
044 705
676 638
820 041
467 817
825 071
826 828
172 817
401 200
557 272
058 475
241 711
185 050
427 419
530 283
612 222
065 972
533 599
918 934
025 377
875 130
963 044
737 176
416 747
081 663
073 110
109 060
338 215
687 918
602 965
171 699
122 647
904 347
508 768
501 622
780 358
551 869
195 678
434 313
937 105
816 255
920 849
265 340
669 208
540 734
146 685
215 348
808 915
897 901
103 456
557 982
749 290
716 626
586 979
687 355
280 403
439 795
128 865
034 664
775 324
437 836
205 881
602 553
604 365
406 144
550 997
697 363
918 042
262 666
744 174
969 820
609 333
620 027
674 487
298 052
723 457
103 905
942 667
838 240
527 987
806 861
578 458
566 181
794 992
946 830
477 562
029 079
794 015
503 934
114 865
847 611
077 287
239 517
921 816
636 854
669 732
525 442
613 320
688 242
291 851
035 172
866 045
595 459
856 792
194 850
833 271
080 200
349 976
010 383
021 673
654 121
391 369
615 993
536 849
472 067
634 317
207 095
771 619
886 271
416 102
456 078
264 368
749 817
182 332
413 830
761 740
622 380
339 786
357 269
707 978
734 797
304 647
291 672
715 046
307 085
314 861
572 238
843 928
632 297
925 189
845 282
598 444
841 026
252 874
173 763
335 627
990 354
120 372
349 470
102 819
909 266
185 049
617 985
983 360
145 303
520 817
325 708
192 103
581 250
132 310
445 287
225 498
837 172
288 989
955 211
310 853
520 356
608 722
209 557
136 724
681 108
438 869
312 002
436 233
818 661
593 952
569 470
062 632
924 519
769 548
080 348
345 368
166 838
072 974
562 324
375 621
943 661
696 765
119 428
125 266
616 594
828 818
575 075
533 923
966 807
527 717
849 931
403 403
343 230
239 881
725 059
720 746
458 710
320 265
495 962
392 240
644 154
531 650
868 194
757 887
722 469
065 445
244 096
733 093
039 584
662 577
809 048
741 987
977 516
959 558
492 246
274 409
773 984
510 542
565 943
894 939
348 797
880 125
565 034
573 138
524 536
685 881
154 886
869 924
916 947
664 859
471 663
658 076
186 787
440 527
657 234
951 996
345 558
783 490
488 522
263 428
750 804
721 337
815 484
425 796
132 764
869 520
917 408
139 512
781 871
934 403
275 394
710 992
989 883
484 680
178 308
825 205
006 334
125 508
639 985
160 094
157 794
873 646
152 931
686 229
306 298
696 194
484 408
588 301
494 759
164 506
350 177
880 175
104 557
574 919
503 210
672 777
389 006
528 161
937 137
408 401
181 356
947 609
546 509
638 208
720 088
959 937
679 978
536 461
343 691
714 305
776 919
856 804
731 984
389 664
816 745
328 593
589 510
177 467
583 833
713 407
531 269
858 395
415 286
535 793
200 417
950 083
437 431
193 269
018 604
401 168
854 284
952 968
562 235
608 143
441 423
679 359
664 660
934 797
062 680
226 452
119 093
898 667
896 190
416 262
587 598
432 113
599 971
593 109
017 027
733 189
843 009
043 824
841 237
077 319
380 808
587 514
194 250
950 803
336 984
602 352
723 544
366 366
108 185
731 240
501 906
592 109
518 013
287 131
941 311
098 731
125 799
045 747
585 489
810 942
004 612
070 657
512 885
827 785
607 200
209 674
024 875
365 498
958 296
280 384
125 745
011 975
469 229
770 640
309 208
062 708
873 669
351 711
658 881
160 311
906 176
076 362
836 495
076 329
818 558
817 667
018 013
155 997
439 513
640 075
126 503
879 178
917 545
233 127
840 094
