95
66
45
70
67
92
62
19
86
28
71
28
58
22
43
53
97
39
98
54
70
57
28
39
100
87
85
99
51
22
25
70
29
0
97
67
68
24
60
12
92
42
3
77
21
46
94
70
2
87
9
78
92
10
75
64
33
81
49
52
48
4
74
90
68
98
14
13
99
75
14
23
10
19
78
69
89
98
89
65
68
31
28
33
83
88
43
59
76
32
25
15
10
33
56
91
9
2
42
29
15
48
91
50
43
87
32
58
49
80
75
32
2
84
17
31
40
8
25
27
42
84
90
48
91
6
29
28
69
28
96
45
37
48
5
31
42
27
54
11
100
6
36
67
35
9
11
55
31
21
26
13
25
98
28
44
16
14
84
17
86
52
81
88
20
12
98
69
87
21
4
69
19
4
22
72
93
78
51
36
58
53
0
1
65
18
63
54
100
30
32
4
23
53
99
92
7
100
19
79
